Pvm           Kulutus (v1,v2,v3)       Tuotanto (v1,v2,v3)
------------------------------------------------------------
06.10.2025   9.85 4.10 2.74           0.16 0.36 0.81
07.10.2025   9.21 6.39 1.12           0.60 0.72 2.19
08.10.2025   12.12 7.39 3.66          0.01 0.00 0.30
09.10.2025   8.60 4.54 2.55           2.39 2.78 3.79
10.10.2025   8.77 3.13 2.41           4.42 4.07 6.50
11.10.2025   9.65 5.45 1.90           1.07 0.97 1.75
12.10.2025   10.87 1.44 1.78          0.26 0.96 0.95
13.10.2025   11.88 1.57 2.36          0.01 0.39 0.52
14.10.2025   11.82 1.66 2.38          0.13 0.66 0.74
15.10.2025   11.31 1.85 2.32          0.17 1.02 1.20
16.10.2025   9.54 1.64 2.09           1.99 3.90 3.79
17.10.2025   11.06 6.20 5.42          1.74 4.10 5.85
18.10.2025   15.52 10.11 5.99         1.41 0.01 3.58
19.10.2025   12.70 7.08 4.60          0.94 0.94 3.50
20.10.2025   15.01 11.85 3.33         0.02 0.07 1.19
21.10.2025   12.57 6.09 2.62          1.45 1.09 4.96
22.10.2025   16.48 9.30 4.44          0.00 0.01 0.16
23.10.2025   15.54 12.98 3.91         0.00 0.00 0.04
24.10.2025   14.68 6.84 5.99          0.00 0.00 0.01
25.10.2025   11.77 11.70 4.60         0.00 0.00 0.00
26.10.2025   14.55 13.57 7.10         0.00 0.00 0.01

Yhteensä:
253.50 134.88 73.31 16.77 22.05 41.84
